2 rbox 186 D2 z
186
366446 855390 
541453 205767 
322223 -391983 
-55860 -830712 
221040 -986545 
-868941 -285966 
-224054 331028 
-415642 308905 
-228210 477270 
-525295 -635606 
-627084 596851 
-729479 -346773 
-210150 1526 
-351853 404724 
203605 -13418 
488249 2679 
-971196 -887439 
819905 150468 
915736 766641 
929185 819155 
-470022 340087 
-151718 72451 
-317207 704473 
73765 -239551 
-139745 -693485 
594396 8823 
281922 257703 
-787693 -749369 
-641965 494765 
-484078 93774 
67659 -847009 
319560 841983 
-787184 -201925 
248751 757715 
919100 -692162 
839661 177876 
-441748 -457125 
-895969 -544028 
528843 265026 
296458 577166 
430609 -760694 
-990848 811197 
-215738 83201 
358284 -318104 
-372808 207965 
-735811 -776692 
141123 -147208 
-127065 413087 
752158 -480322 
-763595 260905 
-977491 -686990 
-249213 -523195 
656749 -20627 
-673558 -486181 
757889 -151976 
-253402 -935772 
485947 -696353 
390848 987114 
429884 -942829 
-134983 -653066 
-78584 -760193 
-563195 384527 
752150 -612540 
-962988 -935409 
587181 743301 
654293 705058 
-83778 -54107 
624658 629722 
-262300 -480533 
-314638 -116634 
-269120 905952 
337690 -436890 
-802877 49118 
-473185 -824470 
-872726 96359 
-497963 729663 
-554799 -505675 
-876890 104481 
13498 862426 
788799 -662300 
727206 149927 
-174092 44131 
-293804 44534 
480827 -741445 
537404 151150 
382384 726183 
954893 886940 
792528 12752 
326836 -864924 
-774123 -692897 
472557 269657 
117805 -57188 
839749 -346916 
-620985 -898734 
984698 -181913 
583792 -201174 
864670 515295 
563950 312896 
839955 -868784 
350519 -826286 
607126 -28400 
673707 990807 
491223 -10394 
-696779 -761843 
-291301 102613 
611303 165867 
-270553 811676 
-159963 -493010 
-16317 -233514 
-662133 -474037 
852194 822757 
83207 466899 
-836680 -82147 
-645504 -992090 
-61104 -973693 
-862667 -851545 
81097 993989 
-19910 -626522 
52654 963080 
492293 -38061 
312233 -300850 
-384054 -803204 
545521 575739 
445698 850704 
-218196 774700 
391006 -370077 
110184 -137631 
841565 187663 
59455 -734190 
474397 -805150 
-150749 368987 
-442468 -557333 
897463 -331777 
-184421 429074 
-560258 -257160 
-88577 -706423 
-852790 -847773 
-519098 -481047 
-959504 -389737 
-307120 225932 
-762945 -812842 
560856 302430 
944263 227146 
-364484 121267 
138097 998672 
685440 195371 
-405853 826560 
-12844 130023 
-703840 561536 
-270914 745708 
-890343 1127 
943234 929320 
-920762 749362 
533820 -83922 
-470264 278703 
154654 -731028 
-382067 605359 
269448 615489 
519542 -53144 
801748 974738 
427466 424853 
499559 83588 
858506 917990 
649962 -90366 
-775709 651350 
-764702 -341154 
219988 -663418 
-63374 865165 
828480 265592 
-202658 -72615 
-443670 -763845 
59146 67113 
-27528 -662839 
-335479 -399533 
-957823 -131832 
293825 313460 
320678 -359907 
-963070 -312177 
-751283 -811348 
-325014 -510744 
-70082 139276 
816855 881786 
171603 135008 
-926314 -554530 
12629 255885 
657880 990360 
